energia =

   1.0e+04 *


    0.0957    0.1870    0.3258    0.3206    0.5306    0.5593    0.5746    0.8499


    1.0938    1.5484    1.8314    2.3699    2.6987    3.3383    4.2668    3.5049
